1 0.06666666666666667 0.6486111111111111 0.06481481481481481 0.6513888888888889 0.05555555555555555 0.6513888888888889 0.05462962962962963 0.6541666666666667 0.05277777777777778 0.6541666666666667 0.05092592592592592 0.6569444444444444 0.05092592592592592 0.6611111111111111 0.05 0.6638888888888889 0.05 0.6708333333333333 0.04814814814814815 0.6722222222222223 0.04814814814814815 0.6777777777777778 0.046296296296296294 0.6791666666666667 0.046296296296296294 0.6847222222222222 0.044444444444444446 0.6875 0.044444444444444446 0.6888888888888889 0.03981481481481482 0.6958333333333333 0.03518518518518519 0.6958333333333333 0.03425925925925926 0.6944444444444444 0.032407407407407406 0.6958333333333333 0.032407407407407406 0.7027777777777777 0.030555555555555555 0.7055555555555556 0.030555555555555555 0.7319444444444444 0.032407407407407406 0.7333333333333333 0.032407407407407406 0.7388888888888889 0.037037037037037035 0.7388888888888889 0.03888888888888889 0.7402777777777778 0.06666666666666667 0.7402777777777778 0.06851851851851852 0.7388888888888889 0.0712962962962963 0.7388888888888889 0.07314814814814814 0.7361111111111112 0.075 0.7361111111111112 0.07962962962962963 0.7291666666666666 0.07962962962962963 0.725 0.08055555555555556 0.7222222222222222 0.08055555555555556 0.7166666666666667 0.0824074074074074 0.7152777777777778 0.0824074074074074 0.7083333333333334 0.08425925925925926 0.7055555555555556 0.08425925925925926 0.7013888888888888 0.08518518518518518 0.6986111111111111 0.08518518518518518 0.6958333333333333 0.08703703703703704 0.6944444444444444 0.08703703703703704 0.6916666666666667 0.08888888888888889 0.6888888888888889 0.08888888888888889 0.6875 0.08981481481481482 0.6847222222222222 0.08981481481481482 0.6541666666666667 0.08888888888888889 0.6513888888888889 0.08055555555555556 0.6513888888888889 0.07962962962962963 0.6486111111111111
1 0.8776803118908382 0.6059941520467838 0.8460038986354775 0.6096491228070177 0.8326023391812866 0.6206140350877193 0.8252923976608186 0.633406432748538 0.8435672514619883 0.6388888888888888 0.8654970760233918 0.633406432748538
0 0.810672514619883 0.6425438596491229 0.7826510721247563 0.5858918128654971 0.8009259259259259 0.5511695906432749 0.8350389863547758 0.5219298245614035 0.8776803118908382 0.5164473684210527 0.8874269005847953 0.5127923976608187 0.902046783625731 0.501827485380117 0.9264132553606237 0.4780701754385965 0.9264132553606237 0.45065789473684215 0.9605263157894736 0.44334795321637427 0.9958576998050683 0.4945175438596492 0.9897660818713451 0.5511695906432749 0.9532163742690057 0.5858918128654971 0.915448343079922 0.6096491228070177 0.8813352826510722 0.6224415204678362 0.8740253411306043 0.6315789473684211 0.8350389863547758 0.6480263157894737
1 0.2794834307992202 0.6626461988304094 0.2648635477582846 0.6589912280701755 0.25755360623781676 0.6663011695906433 0.2648635477582846 0.6772660818713451 0.2855750487329435 0.6882309941520469 0.2892300194931774 0.6772660818713451
1 0.6023391812865496 0.7485380116959065 0.5901559454191033 0.7558479532163743 0.5889376218323586 0.772295321637427 0.6059941520467835 0.7759502923976609 0.614522417153996 0.768640350877193 0.61817738791423 0.7576754385964913
1 0.6449805068226121 0.7375730994152048 0.6279239766081871 0.7430555555555556 0.6279239766081871 0.7576754385964913 0.6401072124756335 0.7595029239766082 0.6498538011695907 0.7595029239766082 0.6596003898635477 0.7467105263157895
1 0.37451267056530213 0.6663011695906433 0.3611111111111111 0.6663011695906433 0.3586744639376218 0.680921052631579 0.37207602339181284 0.6882309941520469 0.38182261208576995 0.6827485380116959
1 0.23075048732943465 0.6005116959064327 0.2319688109161793 0.6224415204678362 0.22100389863547754 0.6242690058479533 0.2319688109161793 0.6480263157894737 0.25389863547758285 0.6516812865497076 0.26973684210526316 0.6535087719298247 0.290448343079922 0.6571637426900584 0.30384990253411304 0.6461988304093568 0.30384990253411304 0.6260964912280702 0.30628654970760233 0.6114766081871346 0.2819200779727095 0.6005116959064327 0.26851851851851855 0.5968567251461989 0.24537037037037038 0.5968567251461989
1 0.6193957115009746 0.6041666666666666 0.6011208576998051 0.6169590643274854 0.6011208576998051 0.6461988304093568 0.6157407407407407 0.6516812865497076 0.635233918128655 0.6498538011695907 0.6425438596491228 0.633406432748538 0.6340155945419103 0.6114766081871346
1 0.2855750487329435 0.9349415204678362 0.2733918128654971 0.9331140350877193 0.2746101364522417 0.9477339181286549 0.29532163742690054 0.9513888888888888 0.30628654970760233 0.945906432748538 0.30384990253411304 0.9331140350877193
1 0.5024366471734893 0.7905701754385965 0.4865984405458089 0.7887426900584796 0.46466861598440545 0.7777777777777778 0.45492202729044834 0.768640350877193 0.45492202729044834 0.7613304093567251 0.46466861598440545 0.7558479532163743 0.4939083820662768 0.7558479532163743 0.5219298245614035 0.7668128654970761
1 0.5499512670565302 0.768640350877193 0.5328947368421052 0.7631578947368421 0.5219298245614035 0.7759502923976609 0.5292397660818713 0.7850877192982456
0 0.0029239766081871066 0.3976608187134503 0.11866471734892782 0.3611111111111112 0.21369395711500971 0.3391812865497076 0.2807017543859649 0.32273391812865504 0.43421052631578944 0.32273391812865504 0.5718810916179338 0.31176900584795325 0.5962475633528265 0.2551169590643276 0.6742202729044834 0.20577485380116964 0.7875243664717348 0.20029239766081872 0.8667153996101364 0.2368421052631579 0.9958576998050683 0.280701754385965 0.9922027290448343 0.456140350877193 0.9934210526315789 0.5383771929824561 0.9617446393762183 0.5694444444444444 0.9349415204678362 0.5383771929824561 0.8923001949317738 0.5310672514619883 0.8313840155945419 0.5255847953216375 0.7850877192982456 0.547514619883041 0.73635477582846 0.5621345029239767 0.6778752436647173 0.543859649122807 0.6035575048732944 0.5201023391812866 0.530458089668616 0.5146198830409358 0.5048732943469786 0.5548245614035088 0.4634502923976608 0.5694444444444444 0.38425925925925924 0.5804093567251463 0.32821637426900585 0.5548245614035088 0.2636452241715399 0.4981725146198831 0.19298245614035084 0.4780701754385965 0.10769980506822609 0.48172514619883045 0.07358674463937619 0.48720760233918137 0.03460038986354773 0.47624269005847963 0.0 0.4159710431993964
1 0.2807017543859649 0.4744152046783626 0.24293372319688109 0.4707602339181287 0.21369395711500971 0.4744152046783626 0.21369395711500971 0.4926900584795323 0.1978557504873294 0.5 0.1795808966861598 0.5073099415204679 0.15521442495126703 0.49634502923976603 0.1308479532163742 0.4945175438596492 0.11866471734892782 0.5073099415204679 0.14303118908382062 0.5347222222222222 0.15521442495126703 0.549342105263158 0.1576510721247563 0.5730994152046784 0.1795808966861598 0.593201754385965 0.21491228070175433 0.5968567251461989 0.2636452241715399 0.587719298245614 0.31725146198830406 0.5712719298245615 0.3367446393762183 0.5858918128654971 0.3757309941520468 0.5840643274853802 0.3830409356725146 0.5676169590643275 0.3891325536062378 0.5511695906432749 0.37816764132553604 0.5274122807017545 0.3367446393762183 0.5073099415204679 0.3148148148148148 0.4908625730994152
1 0.439083820662768 0.6589912280701755 0.39400584795321636 0.6589912280701755 0.4208089668615984 0.6864035087719298 0.44273879142300193 0.6827485380116959 0.45492202729044834 0.6717836257309943
1 0.09307992202729043 0.6169590643274854 0.09551656920077971 0.6516812865497076 0.11379142300194929 0.6553362573099416 0.11379142300194929 0.637061403508772 0.10769980506822609 0.6224415204678362
1 0.7119883040935672 0.6041666666666666 0.7034600389863548 0.5840643274853802 0.7290448343079922 0.5694444444444444 0.7643762183235867 0.5639619883040936 0.7777777777777778 0.5639619883040936 0.7777777777777778 0.5968567251461989 0.7655945419103314 0.6041666666666666 0.7339181286549707 0.6078216374269007
1 0.7814327485380117 0.6626461988304094 0.7607212475633528 0.6644736842105263 0.7521929824561403 0.6845760233918129 0.7826510721247563 0.6918859649122807 0.7887426900584795 0.6827485380116959
1 0.3233430799220273 0.8673245614035088 0.31359649122807015 0.8728070175438597 0.320906432748538 0.8874269005847952 0.33065302144249514 0.8874269005847952
