1 0.23231589147286824 0.42054263565891475 0.2238372093023256 0.46124031007751937 0.21414728682170545 0.5271317829457364 0.22020348837209305 0.5736434108527131 0.24442829457364343 0.5465116279069767 0.24321705426356588 0.507751937984496 0.24321705426356588 0.46899224806201545 0.24442829457364343 0.43992248062015504
1 0.7931201550387598 0.748062015503876 0.7628391472868217 0.7596899224806201 0.7725290697674418 0.8081395348837209 0.7943313953488372 0.8352713178294573 0.837936046511628 0.8391472868217054 0.840358527131783 0.819767441860465 0.8367248062015504 0.7887596899224806 0.8112887596899225 0.7693798449612403
1 0.6344476744186047 0.7286821705426356 0.6223352713178295 0.7073643410852712 0.593265503875969 0.7073643410852712 0.6029554263565892 0.7596899224806201 0.648982558139535 0.7868217054263567 0.6719961240310078 0.7810077519379844 0.6792635658914729 0.7461240310077518 0.6598837209302326 0.7248062015503876
1 0.6368701550387598 0.22868217054263565 0.6247577519379846 0.2771317829457364 0.6405038759689923 0.315891472868217 0.6780523255813954 0.34883720930232553 0.716812015503876 0.3895348837209302 0.7628391472868217 0.46899224806201545 0.7870639534883721 0.5155038759689922 0.8028100775193799 0.5232558139534883 0.8234011627906976 0.5 0.8040213178294573 0.4709302325581395 0.7906976744186047 0.43992248062015504 0.7785852713178295 0.37790697674418594 0.7616279069767442 0.33720930232558133 0.7555717054263567 0.30038759689922484 0.7579941860465117 0.2655038759689922 0.7398255813953488 0.24806201550387594 0.6950096899224807 0.26356589147286824 0.6756298449612403 0.24806201550387594 0.6707848837209303 0.22674418604651161 0.6477713178294574 0.21705426356589147
1 0.376453488372093 0.07945736434108529 0.3558624031007752 0.058139534883720964 0.3389050387596899 0.08333333333333331 0.3267926356589147 0.12209302325581393 0.3219476744186046 0.1511627906976744 0.35101744186046513 0.1550387596899225 0.3546511627906977 0.17441860465116282 0.3812984496124031 0.19767441860465115 0.38977713178294576 0.1550387596899225 0.38735465116279066 0.12015503875968993
1 0.6029554263565892 0.5465116279069767 0.5787306201550388 0.5387596899224806 0.5811531007751938 0.5775193798449613 0.5993217054263567 0.5833333333333333 0.6078003875968992 0.569767441860465
1 0.7386143410852714 0.5988372093023255 0.7107558139534884 0.5910852713178294 0.6635174418604651 0.567829457364341 0.6380813953488372 0.5736434108527131 0.6586724806201552 0.622093023255814 0.684108527131783 0.6511627906976742 0.7325581395348838 0.6724806201550387 0.7616279069767442 0.6899224806201549 0.7943313953488372 0.6996124031007751 0.8040213178294573 0.6879844961240309 0.8003875968992249 0.6550387596899224 0.7713178294573644 0.6356589147286822 0.7531492248062015 0.6162790697674418
1 0.5218023255813954 0.5368217054263567 0.49515503875968997 0.5271317829457364 0.49515503875968997 0.4961240310077518 0.5230135658914729 0.501937984496124
1 0.42490310077519383 0.0368217054263566 0.4224806201550388 0.08914728682170545 0.4236918604651163 0.11821705426356591 0.45518410852713187 0.1356589147286822 0.46729651162790703 0.1550387596899225 0.49394379844961245 0.18217054263565888 0.5242248062015504 0.19186046511627905 0.5666182170542636 0.21705426356589147 0.5835755813953488 0.22674418604651161 0.593265503875969 0.20736434108527133 0.5775193798449613 0.16279069767441856 0.5496608527131783 0.14534883720930236 0.5157461240310078 0.12596899224806204 0.48183139534883723 0.09883720930232559 0.4491279069767442 0.07751937984496127
0 0.7943313953488372 0.7073643410852712 0.8258236434108527 0.7422480620155038 0.840358527131783 0.7771317829457364 0.8597383720930234 0.8468992248062015 0.9227228682170543 0.8643410852713178 0.936046511627907 0.7596899224806201 0.9457364341085273 0.6240310077519379 0.8960755813953488 0.4050387596899225 0.8803294573643411 0.2364341085271318 0.877906976744186 0.10658914728682173 0.8766957364341085 0.031007751937984482 0.8112887596899225 0.005813953488372086 0.6986434108527132 0.021317829457364327 0.6332364341085273 0.031007751937984482 0.6065891472868217 0.03294573643410853 0.5896317829457365 0.09108527131782945 0.595687984496124 0.1705426356589147 0.6162790697674418 0.2054263565891473 0.7071220930232559 0.21124031007751934 0.7507267441860466 0.22868217054263565 0.7676841085271319 0.2693798449612403 0.7810077519379846 0.32945736434108525 0.7967538759689923 0.4224806201550388 0.8125 0.4786821705426357 0.8258236434108527 0.5290697674418604 0.7955426356589148 0.563953488372093 0.7773740310077519 0.571705426356589 0.7604166666666667 0.5988372093023255 0.7846414728682171 0.62984496124031 0.8112887596899225 0.6550387596899224
0 0.23473837209302326 0.05038759689922479 0.18386627906976744 0.1143410852713178 0.1741763565891473 0.1937984496124031 0.15721899224806202 0.3236434108527132 0.14510658914728683 0.4263565891472868 0.15479651162790697 0.560077519379845 0.21656976744186046 0.6279069767441859 0.22020348837209305 0.5910852713178294 0.21051356589147288 0.560077519379845 0.2129360465116279 0.48643410852713176 0.22262596899224807 0.4341085271317829 0.23594961240310078 0.41279069767441856 0.2553294573643411 0.37984496124031 0.26865310077519383 0.31976744186046513 0.2601744186046512 0.2383720930232558 0.2553294573643411 0.1550387596899225 0.2553294573643411 0.08914728682170545
