1 0.3481012658227848 0.14541711148391034 0.3275316455696203 0.16320980123023743 0.31329113924050633 0.18481521020792033 0.3037974683544304 0.20006608713334353 0.2958860759493671 0.22294240252147834 0.3212025316455696 0.22040058970057447 0.34651898734177217 0.20133699354379547 0.3575949367088607 0.18735702302882418 0.3955696202531645 0.17973158456611257 0.4129746835443038 0.17973158456611257 0.45569620253164556 0.17083523969294903 0.48575949367088606 0.16320980123023743 0.49050632911392406 0.1441462050734584 0.4367088607594936 0.14541711148391034 0.40981012658227844 0.14668801789436228
1 0.5734848484848484 0.17506389193136182 0.5856060606060606 0.1860167944505294 0.6174242424242424 0.20062066447608615 0.6416666666666667 0.20427163198247536 0.6401515151515151 0.19210174029451138 0.6234848484848484 0.18479980528173298 0.6007575757575757 0.17628088110015822
1 0.6765151515151515 0.19940367530728978 0.6553030303030303 0.20427163198247536 0.6522727272727273 0.21887550200803213 0.671969696969697 0.22739442618960692 0.6962121212121213 0.21644152367043934 0.6962121212121213 0.20427163198247536
1 0.39924242424242423 0.2590361445783133 0.38106060606060604 0.2578191554095169 0.3643939393939394 0.2578191554095169 0.3507575757575757 0.26268711208470247 0.3386363636363636 0.2748570037726665 0.32803030303030295 0.28824388462942685 0.3128787878787878 0.2991967871485944 0.2977272727272727 0.3089327004989656 0.2765151515151515 0.3198856030181332 0.2628787878787878 0.32597054886211513 0.2462121212121212 0.33083850553730076 0.24318181818181814 0.32475355969331876 0.2598484848484848 0.31136667883655833 0.28560606060606053 0.3004137763173908 0.3022727272727272 0.28459291712303764 0.31136363636363634 0.2772909821102592 0.32196969696969696 0.2639041012534989 0.3325757575757575 0.2419982962151637 0.3643939393939394 0.2432152853839601
1 0.5265151515151515 0.2310453936959961 0.49469696969696964 0.2346963612023853 0.4446969696969696 0.2395643178775709 0.44166666666666665 0.24808324205914567 0.46893939393939393 0.2493002312279421 0.5128787878787878 0.2517342095655349 0.5371212121212121 0.2553851770719241 0.5613636363636363 0.26877205792868447 0.6007575757575757 0.2809419496166485 0.6386363636363636 0.2894608737982232 0.6643939393939394 0.2991967871485944 0.668939393939394 0.3064987221613728 0.671969696969697 0.31745162468054033 0.671969696969697 0.3332724838748935 0.668939393939394 0.3503103322380431 0.6674242424242424 0.3588292564196179 0.6704545454545454 0.3734331264451746 0.6886363636363636 0.37586710478276747 0.7022727272727274 0.3734331264451746 0.7007575757575758 0.36126323475721067 0.6946969696969697 0.3454423755628575 0.6931818181818181 0.32962151636850434 0.6931818181818181 0.31623463551174397 0.6977272727272726 0.3052817329925764 0.6992424242424242 0.2870268954606304 0.6856060606060607 0.27972496044785206 0.6553030303030303 0.2772909821102592 0.631060606060606 0.27364001460387005 0.6159090909090909 0.2663380795910917 0.5916666666666667 0.2553851770719241 0.5795454545454545 0.2432152853839601 0.5643939393939393 0.23347937203358893 0.5522727272727272 0.2286114153584033
1 0.5507575757575757 0.32718753803091155 0.5325757575757576 0.32962151636850434 0.5098484848484848 0.33570646221248635 0.48560606060606054 0.33692345138128277 0.45681818181818173 0.3405744188876719 0.4446969696969696 0.34665936473165393 0.44621212121212117 0.3551782889132287 0.5022727272727272 0.36126323475721067 0.5446969696969696 0.3685651697699891 0.575 0.36978215893878547 0.5871212121212122 0.36613119143239625 0.5871212121212122 0.3539612997444323 0.5765151515151515 0.3393574297188755
1 0.3401515151515151 0.3405744188876719 0.3325757575757575 0.3405744188876719 0.32499999999999996 0.3588292564196179 0.3128787878787878 0.3673481806011926 0.2977272727272727 0.3734331264451746 0.2977272727272727 0.3819520506267494 0.32803030303030295 0.3819520506267494 0.3416666666666666 0.36978215893878547 0.3583333333333333 0.3649142022635999 0.39166666666666666 0.36613119143239625 0.40378787878787875 0.3563952780820251 0.39772727272727265 0.3490933430692467 0.3734848484848484 0.3478763539004503 0.3583333333333333 0.34422538639406114
1 0.2825757575757575 0.3965559206523062 0.2583333333333333 0.40020688815869543 0.24772727272727266 0.40750882317147374 0.23257575757575752 0.411159790677863 0.23257575757575752 0.43063161737860534 0.24772727272727266 0.43915054156018013 0.2583333333333333 0.4354995740537909 0.2659090909090909 0.4208957040282342 0.2765151515151515 0.41481075818425217
1 0.2901515151515151 0.43184860654740176 0.27803030303030296 0.43184860654740176 0.27803030303030296 0.4501034440793477 0.32348484848484843 0.4574053790921261 0.3522727272727272 0.4561883899233297 0.3962121212121212 0.45375441158573687 0.41590909090909084 0.4598393574297189 0.4325757575757575 0.4561883899233297 0.44621212121212117 0.44523548740416213 0.4431818181818181 0.43915054156018013 0.41287878787878785 0.43915054156018013 0.3886363636363636 0.43915054156018013 0.3628787878787878 0.43915054156018013 0.3386363636363636 0.4379335523913837
1 0.5583333333333332 0.4245466715346234 0.5249999999999999 0.43063161737860534 0.49469696969696964 0.4330655957161982 0.47803030303030297 0.4379335523913837 0.4916666666666666 0.44523548740416213 0.5159090909090909 0.44523548740416213 0.5386363636363636 0.44280150906656934 0.5613636363636363 0.44280150906656934 0.5856060606060606 0.4525374224169405 0.6083333333333332 0.4598393574297189 0.6325757575757575 0.46957527078009004 0.6537878787878788 0.47931118413046125 0.6795454545454546 0.487830108312036 0.7037878787878787 0.4951320433248144 0.7265151515151516 0.4866131191432396 0.7265151515151516 0.47566021662407204 0.7098484848484848 0.46349032493610803 0.6840909090909091 0.4598393574297189 0.6522727272727273 0.45375441158573687 0.6325757575757575 0.44280150906656934 0.621969696969697 0.43671656322258734 0.6022727272727273 0.4269806498722162 0.5901515151515151 0.42211269319703054
1 0.7492424242424243 0.49269806498722163 0.7477272727272727 0.512169891687964 0.7537878787878788 0.5255567725447244 0.778030303030303 0.5255567725447244 0.7810606060606061 0.5109529025191676 0.7734848484848484 0.49878301083120363
1 0.5628787878787878 0.5547645125958378 0.5356060606060605 0.5645004259462091 0.5037878787878788 0.5669344042838018 0.4719696969696969 0.570585371790191 0.44015151515151507 0.570585371790191 0.4098484848484848 0.5718023609589874 0.3825757575757575 0.5718023609589874 0.3583333333333333 0.570585371790191 0.33409090909090905 0.5693683826213947 0.31136363636363634 0.5669344042838018 0.28560606060606053 0.5645004259462091 0.2643939393939394 0.5645004259462091 0.2689393939393939 0.5754533284653767 0.281060606060606 0.5888402093221371 0.3143939393939394 0.5900571984909335 0.3583333333333333 0.5900571984909335 0.4068181818181818 0.5900571984909335 0.45530303030303027 0.5900571984909335 0.4765151515151515 0.5876232201533406 0.4916666666666666 0.5876232201533406 0.5204545454545454 0.5876232201533406 0.5598484848484848 0.5864062309845443 0.5780303030303029 0.5851892418157478 0.6128787878787878 0.594925155166119 0.6401515151515151 0.5985761226725081 0.6659090909090909 0.6022270901788974 0.721969696969697 0.6107460143604722 0.7553030303030304 0.6204819277108434 0.7613636363636364 0.6436047219179749 0.7734848484848484 0.6472556894243641 0.7840909090909091 0.6192649385420469 0.787121212121212 0.607095046854083 0.7886363636363636 0.601010101010101 0.7537878787878788 0.5997931118413046 0.7371212121212122 0.5997931118413046 0.7098484848484848 0.5937081659973227 0.6825757575757575 0.5888402093221371 0.6537878787878788 0.5803212851405622 0.6280303030303029 0.570585371790191 0.6068181818181818 0.5657174151150055 0.5946969696969696 0.5596324692710235 0.5886363636363635 0.5523305342582451
1 0.7643939393939394 0.7154070828769623 0.7325757575757575 0.7166240720457587 0.7189393939393939 0.7166240720457587 0.7189393939393939 0.72635998539613 0.7583333333333333 0.7373128879152976 0.778030303030303 0.7555677254472435 0.8098484848484848 0.7592186929536326 0.8234848484848485 0.7458318120968723 0.8143939393939393 0.7275769745649263 0.7901515151515152 0.7166240720457587
0 0.5462121212121211 0.12395034684191313 0.6810606060606061 0.13855421686746988 0.7613636363636364 0.1434221735426555 0.7992424242424242 0.19940367530728978 0.8143939393939393 0.25660216624072046 0.8992424242424242 0.2894608737982232 0.9219696969696969 0.3795180722891566 0.9598484848484848 0.43428258488499455 0.978030303030303 0.46957527078009004 0.9825757575757575 0.506084945843982 0.9613636363636364 0.5292077400511136 0.9295454545454546 0.5535475234270415 0.8871212121212121 0.5815382743093587 0.8810606060606061 0.5924911768285263 0.8492424242424242 0.6387367652427893 0.8583333333333333 0.6691614944626993 0.8613636363636364 0.6910672995010344 0.825 0.7348789095777047 0.8295454545454546 0.7713885846415967 0.831060606060606 0.815200194718267 0.831060606060606 0.8553608372885481 0.8416666666666667 0.8736156748204941 0.8037878787878787 0.8748326639892905 0.7628787878787878 0.8760496531580868 0.7189393939393939 0.8748326639892905 0.6840909090909091 0.8699647073141049 0.6795454545454546 0.815200194718267 0.6825757575757575 0.7799075088231714 0.7053030303030303 0.7531337471096508 0.7189393939393939 0.7336619204089084 0.6946969696969697 0.7154070828769623 0.6734848484848485 0.6910672995010344 0.6022727272727273 0.6642935377875137 0.5446969696969696 0.6642935377875137 0.44166666666666665 0.6594255811123281 0.3825757575757575 0.6448217110867713 0.3462121212121212 0.6204819277108434 0.37651515151515147 0.6022270901788974 0.4431818181818181 0.6022270901788974 0.5446969696969696 0.6083120360228794 0.6083333333333332 0.6107460143604722 0.7143939393939394 0.6216989168796399 0.7401515151515151 0.6326518193988073 0.7734848484848484 0.6484726785931605 0.7992424242424242 0.6326518193988073 0.8083333333333332 0.6058780576852867 0.7886363636363636 0.582755263478155 0.6992424242424242 0.5754533284653767 0.6068181818181818 0.5645004259462091 0.6037878787878787 0.5511135450894487 0.593181818181818 0.5255567725447244 0.47954545454545444 0.506084945843982 0.40378787878787875 0.49878301083120363 0.3356060606060606 0.487830108312036 0.41287878787878785 0.4671412924424973 0.5371212121212121 0.4671412924424973 0.6098484848484848 0.4853961299744432 0.6537878787878788 0.49269806498722163 0.7022727272727274 0.5036509675063892 0.7507575757575757 0.487830108312036 0.7507575757575757 0.46835828161129367 0.7007575757575758 0.44766946574175487 0.6265151515151515 0.43184860654740176 0.5765151515151515 0.41359376901545575 0.5189393939393939 0.38925398563952784 0.5946969696969696 0.3795180722891566 0.6568181818181819 0.38560301813313863 0.7068181818181819 0.38316903979554584 0.7068181818181819 0.36369721309480346 0.7143939393939394 0.3138006571741512 0.7143939393939394 0.27364001460387005 0.6522727272727273 0.2602531337471097 0.5704545454545454 0.24443227455275648 0.5325757575757576 0.22982840452719971 0.44621212121212117 0.2237434586832177 0.38106060606060604 0.22130948034562495 0.3643939393939394 0.21887550200803213 0.36590909090909085 0.21035657782645736 0.4113636363636363 0.19818668613849338 0.4507575757575757 0.1884507727881222 0.48560606060606054 0.17628088110015822 0.5022727272727272 0.16897894608737984 0.5037878787878788 0.16289400024339784 0.5037878787878788 0.1336862601922843
